config:
  commission_rate: 0.0021000000000000007
  initial_capital: 100.0
  leverage: 1
  max_positions: 4
  position_size: 0.38
  slippage: 0.001
  stop_loss: 0.04999999999999998
  take_profit: 0.04999999999999996
  trailing_stop: true
  trailing_stop_distance: 0.01
  use_leverage: true
results: {}
